/home/sakuma/.pyenv/versions/3.6.0/lib/python3.6/importlib/_bootstrap.py:205: RuntimeWarning: compiletime version 3.5 of module 'tensorflow.python.framework.fast_tensor_util' does not match runtime version 3.6
  return f(*args, **kwds)
INFO:tensorflow:Using config: {'_model_dir': 'cifar10_attentive_resnet_model', '_tf_random_seed': None, '_save_summary_steps': 100, '_save_checkpoints_steps': None, '_save_checkpoints_secs': 600, '_session_config': device_count {
  key: "GPU"
  value: 1
}
gpu_options {
  visible_device_list: "2"
}
, '_keep_checkpoint_max': 5, '_keep_checkpoint_every_n_hours': 10000, '_log_step_count_steps': 100, '_service': None, '_cluster_spec': <tensorflow.python.training.server_lib.ClusterSpec object at 0x7f80b5ba03c8>, '_task_type': 'worker', '_task_id': 0, '_master': '', '_is_chief': True, '_num_ps_replicas': 0, '_num_worker_replicas': 1}
INFO:tensorflow:Create CheckpointSaverHook.
2018-08-21 03:21:14.694997: I tensorflow/core/platform/cpu_feature_guard.cc:137] Your CPU supports instructions that this TensorFlow binary was not compiled to use: SSE4.1 SSE4.2 AVX AVX2 FMA
2018-08-21 03:21:14.896854: I tensorflow/core/common_runtime/gpu/gpu_device.cc:1030] Found device 0 with properties: 
name: GeForce GTX TITAN X major: 5 minor: 2 memoryClockRate(GHz): 1.076
pciBusID: 0000:04:00.0
totalMemory: 11.92GiB freeMemory: 11.81GiB
2018-08-21 03:21:14.896925: I tensorflow/core/common_runtime/gpu/gpu_device.cc:1120] Creating TensorFlow device (/device:GPU:0) -> (device: 2, name: GeForce GTX TITAN X, pci bus id: 0000:04:00.0, compute capability: 5.2)
INFO:tensorflow:Saving checkpoints for 1 into cifar10_attentive_resnet_model/model.ckpt.
INFO:tensorflow:probabilities = [[0.10743001 0.1339372  0.0964331  0.11261073 0.14535002 0.07160804
  0.07925184 0.08285081 0.08761746 0.08291086]
 [0.12620744 0.14091322 0.07800267 0.08106126 0.16164932 0.07366735
  0.07970396 0.07908775 0.085809   0.09389792]
 [0.1335865  0.15145354 0.06590757 0.09231859 0.15867385 0.07069311
  0.07312793 0.0613231  0.09051128 0.10240456]
 [0.11470482 0.13781664 0.09501176 0.07580675 0.1779768  0.08218727
  0.07772848 0.05511198 0.09249232 0.09116326]
 [0.22485392 0.15058394 0.08476598 0.039788   0.16873874 0.07457358
  0.04904696 0.02673324 0.10735046 0.07356519]
 [0.19913419 0.12979728 0.05701679 0.06041866 0.20151596 0.07628942
  0.05404513 0.04917374 0.09321519 0.07939363]
 [0.11209734 0.13978858 0.0841877  0.08925752 0.18308891 0.07129335
  0.07283481 0.05943625 0.10968117 0.0783343 ]
 [0.2774291  0.09319291 0.02582564 0.02046054 0.1789835  0.07750283
  0.03447435 0.00437339 0.17548105 0.1122767 ]
 [0.09950382 0.1459747  0.07980657 0.08634928 0.16268165 0.0915776
  0.08417086 0.06681807 0.08267508 0.10044235]
 [0.13274404 0.1429808  0.0863591  0.08149812 0.16849951 0.06930884
  0.07602237 0.05934726 0.09203038 0.09120958]
 [0.13065982 0.12433996 0.08201354 0.09428892 0.16071029 0.07015885
  0.07584302 0.08822157 0.08322774 0.09053628]
 [0.17385752 0.12143631 0.09247774 0.0820476  0.14490905 0.08876254
  0.06233553 0.05944383 0.08536352 0.08936639]
 [0.16742116 0.14098884 0.09464838 0.05310531 0.19122961 0.06939828
  0.05412952 0.03719354 0.10851973 0.08336559]
 [0.11641122 0.11529874 0.07817017 0.09647063 0.16363643 0.07687565
  0.07123665 0.0947971  0.09241657 0.09468689]
 [0.13107772 0.13219588 0.09764954 0.0723822  0.16020598 0.08464897
  0.08356006 0.06799986 0.08491177 0.08536808]
 [0.11171201 0.12914024 0.08423843 0.08805197 0.16145924 0.08331423
  0.08730886 0.08910175 0.07627389 0.08939931]
 [0.27725893 0.12642696 0.06605025 0.04706986 0.1398685  0.08906198
  0.0410785  0.03684527 0.09523468 0.08110506]
 [0.12178416 0.13872978 0.07406515 0.08284929 0.1571153  0.07969898
  0.08743329 0.07951626 0.07819097 0.10061681]
 [0.25748107 0.10775065 0.05741763 0.03467561 0.23108207 0.08333515
  0.03976867 0.02333257 0.10948409 0.05567252]
 [0.22975937 0.13113531 0.05898891 0.05970263 0.16168953 0.10488635
  0.05602323 0.02700336 0.09916916 0.07164223]
 [0.13570893 0.13087039 0.08727421 0.08848605 0.16465084 0.080539
  0.07240558 0.07503277 0.08103781 0.08399441]
 [0.138521   0.10592719 0.07024418 0.07687034 0.20463464 0.08602352
  0.07452817 0.04367145 0.10685474 0.09272472]
 [0.11413167 0.12875481 0.06731325 0.08618058 0.17166716 0.08435738
  0.07873204 0.08497251 0.08610246 0.09778817]
 [0.1691768  0.16299787 0.06867598 0.07810476 0.15426639 0.0818542
  0.065703   0.04842649 0.08829799 0.08249656]
 [0.09638476 0.12223823 0.08784685 0.10361059 0.17991415 0.07278269
  0.08832841 0.06084484 0.09713583 0.09091365]
 [0.11590148 0.12887235 0.0753895  0.10590898 0.16483426 0.07840051
  0.08520332 0.07989624 0.07922637 0.08636701]
 [0.10755913 0.13064326 0.08411526 0.08894831 0.18787307 0.08501712
  0.09337366 0.05534841 0.08514062 0.0819811 ]
 [0.14539872 0.15609373 0.083984   0.08142619 0.1491905  0.06925395
  0.06956253 0.07492787 0.08277929 0.08738323]
 [0.1825898  0.11692625 0.08967641 0.05340379 0.16968626 0.08761188
  0.06443751 0.03247834 0.10005981 0.10312983]
 [0.11326408 0.11451755 0.08551271 0.08485883 0.17657357 0.08295041
  0.08208012 0.08282999 0.08094858 0.09646414]
 [0.11578055 0.13535984 0.08833285 0.09588353 0.15739675 0.07009029
  0.0891889  0.08382441 0.07915591 0.08498699]
 [0.15854785 0.1435062  0.08535276 0.0892518  0.14441489 0.08468344
  0.06449526 0.06024011 0.07803447 0.09147316]
 [0.11364254 0.11688942 0.07018047 0.09618999 0.21233237 0.07881299
  0.07378273 0.052086   0.09051241 0.09557118]
 [0.1145318  0.13299745 0.09087851 0.0968717  0.17837131 0.07714106
  0.06939385 0.06316263 0.08832632 0.08832543]
 [0.21833497 0.13985072 0.07898486 0.04762492 0.16665427 0.06079501
  0.05343941 0.03802082 0.11146921 0.08482581]
 [0.13869683 0.14462404 0.08759478 0.08054934 0.16623633 0.07607856
  0.07335731 0.06457568 0.08654848 0.0817387 ]
 [0.11042985 0.1204575  0.07533091 0.08746089 0.17456454 0.07980227
  0.08574352 0.08536453 0.08884372 0.09200227]
 [0.14480951 0.13156644 0.07783847 0.07437623 0.16250518 0.07790472
  0.08004909 0.07046422 0.08652229 0.09396387]
 [0.20544876 0.12759618 0.08025814 0.05058337 0.17833406 0.0817904
  0.05806322 0.0462044  0.10135753 0.07036392]
 [0.25967783 0.12647009 0.05662308 0.04578204 0.19033708 0.0759317
  0.04994036 0.02019429 0.11369759 0.06134589]
 [0.13306782 0.1297114  0.08385146 0.08108483 0.15673034 0.09066634
  0.08082565 0.07339492 0.07677133 0.09389594]
 [0.09956579 0.13944471 0.08027086 0.0815765  0.19128264 0.07024273
  0.08875266 0.06834161 0.09826591 0.08225652]
 [0.20459853 0.13015227 0.06899533 0.04622205 0.1989264  0.08664549
  0.05799669 0.0315986  0.09466392 0.08020068]
 [0.13905515 0.13054934 0.0833538  0.0758772  0.1648084  0.09070648
  0.07000142 0.05304806 0.10458046 0.0880197 ]
 [0.10141467 0.10276453 0.07783656 0.05415227 0.29123223 0.07088146
  0.06733239 0.04330219 0.11407198 0.07701167]
 [0.2055804  0.11177799 0.06946459 0.03823738 0.1699261  0.1029926
  0.06220588 0.03692623 0.12244915 0.08043966]
 [0.18480825 0.12122954 0.06578097 0.0523328  0.20346902 0.07606251
  0.04493401 0.03816594 0.11712428 0.09609263]
 [0.11333667 0.12379065 0.07573021 0.10173396 0.1647907  0.07523212
  0.08413013 0.08853021 0.08008704 0.09263827]
 [0.14401674 0.13913554 0.08817463 0.06274705 0.18936571 0.07953421
  0.06146186 0.05614858 0.09695684 0.08245882]
 [0.13025099 0.12652273 0.08677275 0.08203146 0.15815677 0.07947768
  0.07039057 0.06385431 0.1036804  0.09886235]
 [0.16343881 0.13654509 0.05781207 0.06757107 0.20470668 0.08673361
  0.05063154 0.04077671 0.10013177 0.09165268]
 [0.10885636 0.13795191 0.07534377 0.07971426 0.22149852 0.06487033
  0.06924098 0.06380161 0.09556459 0.08315777]
 [0.11411605 0.1264783  0.07799336 0.09361404 0.17494471 0.07083105
  0.0784735  0.08312488 0.08321186 0.09721221]
 [0.11916495 0.12342925 0.08152503 0.09394494 0.17202933 0.08426414
  0.068978   0.07336866 0.09462876 0.08866698]
 [0.2070761  0.10684308 0.06117901 0.05291468 0.22224717 0.07322387
  0.05935843 0.03180591 0.10047267 0.08487912]
 [0.17516334 0.1471922  0.07334525 0.06400329 0.16606043 0.08536465
  0.06131911 0.04151535 0.10064648 0.08539   ]
 [0.1953212  0.15795799 0.08639014 0.05833743 0.16735648 0.07169165
  0.05521305 0.04829274 0.08422759 0.0752117 ]
 [0.13091087 0.11688274 0.0835872  0.09116545 0.16589393 0.07477254
  0.07854867 0.08443892 0.08219213 0.09160744]
 [0.11156245 0.12249832 0.07885882 0.09340905 0.1716517  0.07639375
  0.09585812 0.07383744 0.08437825 0.09155212]
 [0.23160815 0.14494492 0.06069472 0.04241719 0.18219815 0.09122805
  0.04806267 0.02432028 0.0960528  0.07847311]
 [0.12810591 0.13234785 0.09259379 0.08986552 0.15098399 0.07225753
  0.08097968 0.07620065 0.08260498 0.09406012]
 [0.24625657 0.108357   0.0609585  0.03941516 0.22423394 0.08000744
  0.05967727 0.01539801 0.10922378 0.05647239]
 [0.20670785 0.10884409 0.0580118  0.04983154 0.22698087 0.07940362
  0.0545272  0.02408555 0.10913917 0.08246833]
 [0.309371   0.11360072 0.05277817 0.04196449 0.19496778 0.06018045
  0.02768186 0.0179665  0.12335373 0.05813532]]
INFO:tensorflow:loss = 3.1226745, step = 1
INFO:tensorflow:global_step/sec: 3.86314
INFO:tensorflow:probabilities = [[0.31293008 0.06015108 0.140713   0.02995532 0.04080572 0.01915647
  0.02291313 0.04539016 0.27877742 0.04920758]
 [0.17863701 0.18946896 0.09466413 0.05658001 0.04532339 0.02371862
  0.03596525 0.08144403 0.17657854 0.11762009]
 [0.03315477 0.11450295 0.08524554 0.10387261 0.10008743 0.06546204
  0.16812955 0.23731753 0.03595525 0.05627229]
 [0.27080756 0.10340068 0.03830251 0.01327409 0.01117911 0.00670388
  0.00548624 0.02110977 0.4916799  0.03805616]
 [0.04094312 0.14590187 0.05551684 0.11214326 0.0752847  0.06907373
  0.12282424 0.16614038 0.04996131 0.16221058]
 [0.16617718 0.23717397 0.02570361 0.01770843 0.01429298 0.01057153
  0.01090236 0.03262206 0.4014578  0.08339011]
 [0.00630634 0.03320767 0.07560879 0.04631961 0.16940226 0.02933962
  0.35260522 0.27153897 0.00487782 0.01079373]
 [0.13581021 0.02832358 0.34264523 0.04476668 0.13674171 0.0340412
  0.1014336  0.09938129 0.04679845 0.03005803]
 [0.14509988 0.27272025 0.03777576 0.03207225 0.02445592 0.01429048
  0.02313502 0.07508594 0.22243369 0.15293086]
 [0.15996207 0.35080767 0.00478194 0.00243444 0.00209074 0.00077017
  0.00117174 0.00765232 0.416498   0.05383078]
 [0.00848489 0.02063608 0.04502016 0.11903782 0.22972956 0.07069352
  0.34792262 0.12976092 0.01337564 0.01533878]
 [0.01116448 0.00969917 0.05358262 0.31290996 0.08832753 0.17986123
  0.17907278 0.09747997 0.0125791  0.05532309]
 [0.22276388 0.01457644 0.3922668  0.04001262 0.09671567 0.03305208
  0.04709394 0.04765266 0.08706931 0.01879664]
 [0.01313793 0.03922424 0.0602342  0.11192599 0.08015508 0.08585119
  0.16965714 0.40018708 0.01213529 0.02749183]
 [0.0081966  0.02745426 0.07620722 0.06974656 0.15089734 0.04367824
  0.30301186 0.3027373  0.00513629 0.01293434]
 [0.03254298 0.07842119 0.07563049 0.09838837 0.06828749 0.05787402
  0.1189882  0.36420688 0.02192602 0.08373435]
 [0.02117655 0.10573787 0.04987544 0.14023179 0.06173599 0.08210304
  0.10827743 0.3197876  0.02508484 0.08598942]
 [0.2959415  0.20954144 0.03096669 0.00846112 0.00792308 0.00289755
  0.00424491 0.02677598 0.33392283 0.07932479]
 [0.08830319 0.01675755 0.3998664  0.04173181 0.16124171 0.03236938
  0.12504734 0.08632148 0.03371177 0.01464928]
 [0.00191984 0.0057721  0.04852588 0.08229065 0.16564807 0.05827599
  0.49537402 0.1379359  0.00117974 0.00307786]
 [0.32614294 0.11611734 0.0516749  0.01002812 0.01632887 0.00556773
  0.00791199 0.01381496 0.40641385 0.04599923]
 [0.09788368 0.04233883 0.21169944 0.09122968 0.11360038 0.07842143
  0.11260978 0.11587169 0.0928944  0.04345065]
 [0.06807632 0.07094866 0.17201816 0.07337492 0.13837494 0.05041484
  0.16835146 0.16152947 0.04148991 0.05542132]
 [0.0733617  0.14964123 0.07992297 0.10736944 0.07121764 0.07995204
  0.08714399 0.12091878 0.15309012 0.07738214]
 [0.02534347 0.01713724 0.22128613 0.02117512 0.30705577 0.01440294
  0.31315744 0.0664211  0.00948419 0.00453663]
 [0.42850524 0.0225058  0.2623983  0.01492242 0.04183977 0.0091445
  0.01427002 0.02054705 0.15508418 0.03078275]
 [0.03860496 0.11641172 0.08442443 0.10031753 0.10199452 0.05803914
  0.16574903 0.25691527 0.03350494 0.04403849]
 [0.03137897 0.22586864 0.05017013 0.07975098 0.08835934 0.04288532
  0.15425171 0.2067604  0.03640737 0.08416706]
 [0.16513379 0.09333678 0.11360642 0.06927715 0.07117517 0.04631195
  0.05888046 0.11317614 0.19470638 0.07439582]
 [0.00248217 0.00553539 0.08179349 0.03742081 0.19726336 0.02825239
  0.4389786  0.20479436 0.00087173 0.00260768]
 [0.06792258 0.27202407 0.04071197 0.0530804  0.0389939  0.01749974
  0.05440134 0.24130926 0.06843466 0.14562207]
 [0.06763945 0.03517113 0.17573625 0.09559495 0.11012717 0.08102326
  0.13077028 0.21461001 0.0557075  0.03361999]
 [0.04638159 0.16837704 0.06577694 0.10430975 0.08692193 0.06762631
  0.15761635 0.14535081 0.07639708 0.0812422 ]
 [0.09084427 0.18839784 0.0515052  0.07552309 0.03572632 0.0427842
  0.04521026 0.15863234 0.16718502 0.14419153]
 [0.01153063 0.00565358 0.2552208  0.01098966 0.28379515 0.01267106
  0.366321   0.04747191 0.00340092 0.00294534]
 [0.01195431 0.05500398 0.06697877 0.13725574 0.09711694 0.11987101
  0.22041738 0.24742477 0.01860699 0.02537016]
 [0.42351794 0.08133444 0.09068558 0.01256041 0.02302651 0.00608514
  0.00930879 0.01644763 0.28327703 0.0537566 ]
 [0.05375148 0.10596652 0.10864107 0.09273429 0.07790376 0.0590442
  0.11530704 0.26634637 0.05575597 0.06454933]
 [0.02072166 0.0752387  0.0482729  0.10348032 0.05671214 0.07545776
  0.11578798 0.42378795 0.02757352 0.05296705]
 [0.07678789 0.03483318 0.23576622 0.06331065 0.14756432 0.05480477
  0.15080774 0.15132673 0.05258088 0.0322176 ]
 [0.05009052 0.10447727 0.07089197 0.07118917 0.06632633 0.02827477
  0.07436104 0.38304272 0.02482841 0.1265178 ]
 [0.0561706  0.15615632 0.08602434 0.10923814 0.06236282 0.05124398
  0.09152874 0.23061602 0.06097263 0.0956864 ]
 [0.02348558 0.00979918 0.25178438 0.03732223 0.24550904 0.03137916
  0.2790534  0.10594347 0.00743336 0.00829025]
 [0.00320207 0.02726723 0.03944965 0.09727151 0.09154424 0.0728161
  0.27829948 0.37547413 0.00367387 0.01100176]
 [0.00977226 0.00623747 0.2171065  0.02990906 0.23194337 0.02879919
  0.35317695 0.1149926  0.00376215 0.00430037]
 [0.01615858 0.00982288 0.21815747 0.02695453 0.25106633 0.02287993
  0.35592747 0.08923986 0.00419537 0.00559763]
 [0.09430781 0.14926143 0.09188185 0.08922782 0.05565228 0.06071215
  0.06484526 0.16925491 0.12674823 0.09810823]
 [0.06385941 0.30625975 0.03616545 0.05950939 0.03297254 0.0256888
  0.03934374 0.14615126 0.11581533 0.17423438]
 [0.35583755 0.11342292 0.06006004 0.01159092 0.01728628 0.0060465
  0.00775401 0.02187218 0.34416795 0.06196166]
 [0.15942691 0.35377583 0.02225769 0.0149721  0.01055271 0.00555956
  0.00815534 0.04722815 0.2243058  0.1537659 ]
 [0.01513452 0.00873363 0.22604825 0.01347728 0.30959535 0.01287441
  0.33931762 0.06616363 0.00448497 0.00417037]
 [0.01246857 0.0331445  0.06189407 0.16599733 0.08436697 0.12723333
  0.19056752 0.25513345 0.01249833 0.05669591]
 [0.00371937 0.01537348 0.06885926 0.03345629 0.18673718 0.02569901
  0.42722356 0.23029892 0.00222982 0.00640306]
 [0.01455995 0.08180143 0.0526278  0.12434063 0.08603027 0.073339
  0.16375849 0.34393504 0.01451746 0.0450899 ]
 [0.01572921 0.04990425 0.09250063 0.08392723 0.12951039 0.05313001
  0.27372283 0.24843472 0.01424889 0.03889185]
 [0.4549499  0.04699595 0.14258185 0.01358317 0.02620379 0.00828922
  0.00983388 0.01812196 0.24815886 0.0312814 ]
 [0.26462993 0.1480323  0.05902373 0.01871581 0.02534328 0.01060816
  0.01487933 0.02904107 0.36536556 0.06436089]
 [0.00320206 0.0339032  0.02561604 0.09535223 0.07926391 0.05534461
  0.23847541 0.44780466 0.002627   0.01841094]
 [0.01673716 0.06355404 0.06923368 0.13437133 0.09973148 0.07870743
  0.22832215 0.24534361 0.0155108  0.04848834]
 [0.00409266 0.02919675 0.03887536 0.07052594 0.08560366 0.0448217
  0.24464531 0.46546063 0.00341618 0.01336179]
 [0.01081069 0.01735765 0.13553783 0.01957261 0.266456   0.01456331
  0.43775856 0.08628823 0.00474292 0.00691215]
 [0.19036931 0.2500456  0.0415257  0.02751681 0.02170559 0.01095911
  0.01769434 0.08056424 0.25493506 0.10468431]
 [0.00482124 0.01334709 0.0676645  0.05198745 0.15731968 0.04020044
  0.3428866  0.31306142 0.00310962 0.00560198]
 [0.05762585 0.19116893 0.07671626 0.05864581 0.08747964 0.03567092
  0.13995257 0.20875314 0.05035789 0.09362893]] (25.887 sec)
INFO:tensorflow:loss = 2.4993534, step = 101 (25.896 sec)
INFO:tensorflow:global_step/sec: 4.38471
INFO:tensorflow:probabilities = [[0.01443284 0.00638596 0.12244092 0.11209151 0.31898594 0.2591821
  0.07020293 0.06533998 0.01810157 0.01283621]
 [0.14628436 0.0970737  0.05656133 0.03476323 0.11412361 0.03834112
  0.03642141 0.03110904 0.32775724 0.117565  ]
 [0.01843199 0.03412777 0.07115714 0.14980328 0.1999459  0.22637962
  0.11563779 0.10829894 0.02643918 0.04977842]
 [0.00251814 0.00442789 0.05950168 0.11714301 0.23101299 0.13975567
  0.31056282 0.12093639 0.00126429 0.01287712]
 [0.09921609 0.01932565 0.07001358 0.03110934 0.34987018 0.05329269
  0.07467197 0.13368055 0.11281016 0.05600975]
 [0.08837708 0.00452824 0.26624742 0.01518282 0.46364856 0.03490273
  0.05451141 0.01580319 0.05200981 0.00478872]
 [0.00204481 0.00870621 0.01293406 0.04780911 0.12571959 0.11118472
  0.03503201 0.6240658  0.00140326 0.03110037]
 [0.00056809 0.00064746 0.05134785 0.02655511 0.42003983 0.05612184
  0.3931951  0.04964129 0.00033712 0.00154639]
 [0.00110446 0.00401842 0.00456145 0.00728793 0.05493947 0.00753645
  0.01626884 0.87578493 0.00062706 0.02787095]
 [0.00147117 0.00648973 0.02289502 0.24244979 0.03178257 0.5152714
  0.04030954 0.07378009 0.00372914 0.06182148]
 [0.00137924 0.00068381 0.06887929 0.00765892 0.6132135  0.01523809
  0.2069031  0.08408779 0.00034408 0.00161221]
 [0.18855074 0.0160119  0.00992871 0.00114739 0.0137595  0.00165781
  0.00101563 0.00103644 0.7610237  0.0058682 ]
 [0.01188528 0.05649709 0.09642544 0.23729333 0.07323474 0.18023187
  0.07234982 0.11688028 0.02043055 0.1347716 ]
 [0.02036164 0.07614081 0.08406761 0.13888654 0.14017516 0.1166879
  0.18346341 0.05772654 0.03947815 0.14301221]
 [0.3102144  0.06435034 0.04720435 0.00928731 0.13698143 0.01394584
  0.01573787 0.01951444 0.33594617 0.04681785]
 [0.00251092 0.01366188 0.05725847 0.23958755 0.15729839 0.23909652
  0.1607142  0.10388833 0.00282706 0.02315665]
 [0.06063746 0.34204343 0.02744717 0.03199707 0.05191066 0.01973231
  0.03089083 0.03585844 0.20262182 0.19686082]
 [0.042924   0.40596026 0.00707952 0.01007039 0.02042696 0.00351357
  0.02912812 0.01322398 0.1245696  0.3431036 ]
 [0.02159351 0.01809658 0.10388662 0.04904771 0.32513854 0.08306181
  0.28503698 0.05433771 0.02043812 0.03936246]
 [0.00105635 0.00170992 0.05074397 0.10237008 0.2555625  0.172022
  0.30770758 0.10329054 0.00077277 0.00476425]
 [0.0074855  0.00743704 0.01984529 0.02614621 0.3226306  0.05592934
  0.03516922 0.5070844  0.00342065 0.01485176]
 [0.38327572 0.08148023 0.00919351 0.0012527  0.02446659 0.00111322
  0.00320218 0.00573114 0.45959905 0.0306857 ]
 [0.00909495 0.03950713 0.09412562 0.09283659 0.17986462 0.03738841
  0.34883982 0.10374397 0.00737674 0.08722217]
 [0.0076088  0.01169395 0.06181272 0.01959075 0.37030587 0.02063686
  0.38540378 0.10407937 0.00362186 0.015246  ]
 [0.25188002 0.01249216 0.00501354 0.00030964 0.00637188 0.00041499
  0.00032681 0.00033564 0.71976817 0.00308721]
 [0.02452419 0.01464422 0.11516923 0.08696182 0.31809795 0.19870272
  0.08616226 0.11172465 0.01968412 0.02432887]
 [0.0098992  0.02328791 0.05327312 0.0861074  0.2911841  0.12791075
  0.10011044 0.27355704 0.00636033 0.02830978]
 [0.00783457 0.00927182 0.07432178 0.19809888 0.15542518 0.31440693
  0.0981109  0.10629597 0.00993486 0.02629905]
 [0.0222934  0.1825982  0.00495766 0.01778082 0.05114891 0.01142937
  0.04303905 0.18032156 0.02277536 0.46365574]
 [0.14499503 0.11511132 0.04664793 0.02300244 0.16379532 0.0320314
  0.06147407 0.07564631 0.19202739 0.14526877]
 [0.00728786 0.0065224  0.13439772 0.08338588 0.32661685 0.14769427
  0.16715267 0.10985482 0.00391791 0.01316961]
 [0.00764371 0.04043044 0.02826905 0.03979611 0.10290174 0.00817705
  0.17068692 0.19123384 0.00459349 0.40626758]
 [0.00062393 0.00119282 0.02609391 0.02307859 0.35935256 0.03139071
  0.46528432 0.08965264 0.00034558 0.0029849 ]
 [0.0738622  0.39479598 0.00643887 0.00705047 0.03121484 0.00466195
  0.02423122 0.0285722  0.1559594  0.27321285]
 [0.03138887 0.05204127 0.06603843 0.17567143 0.10179306 0.25271156
  0.08318786 0.02975304 0.14953732 0.05787713]
 [0.00200503 0.00021412 0.10474823 0.00213339 0.77774996 0.00524918
  0.07570252 0.03148877 0.0003695  0.00033944]
 [0.11115769 0.24170366 0.02608682 0.01303341 0.10160954 0.00849187
  0.08244092 0.01735008 0.1695766  0.22854939]
 [0.00207553 0.00424699 0.0494455  0.25865164 0.05501073 0.43962312
  0.08642964 0.06052392 0.00611427 0.0378786 ]
 [0.11487847 0.23959327 0.00855501 0.01364211 0.02428179 0.00755581
  0.01090682 0.03146985 0.3021475  0.24696936]
 [0.00307581 0.00836012 0.05780729 0.08901755 0.2677244  0.12840909
  0.3421845  0.06886452 0.00376166 0.03079505]
 [0.12644215 0.14031892 0.0118082  0.00637797 0.0265699  0.00603861
  0.00702216 0.00551069 0.59145445 0.07845694]
 [0.30857736 0.01880566 0.02838722 0.00244062 0.03742168 0.00367354
  0.00219716 0.00228039 0.58857435 0.00764199]
 [0.10844505 0.09611706 0.06524915 0.03003922 0.15144666 0.03200272
  0.02124762 0.2297278  0.13694718 0.1287775 ]
 [0.00084978 0.00194516 0.0532653  0.25874355 0.06003188 0.4699115
  0.11583448 0.03169587 0.00213172 0.00559068]
 [0.13927503 0.03308803 0.00697516 0.00199619 0.01300901 0.00155857
  0.00214441 0.00082799 0.78001904 0.0211066 ]
 [0.09047341 0.31130773 0.02694514 0.01724432 0.05612161 0.00799074
  0.02889599 0.02104961 0.23248495 0.20748651]
 [0.1520237  0.1641634  0.01563622 0.01059217 0.0616383  0.00776284
  0.02104571 0.067478   0.32722422 0.1724354 ]
 [0.00084918 0.00116961 0.15667066 0.42248487 0.0420488  0.26379877
  0.08360903 0.01816795 0.0014979  0.00970333]
 [0.13007012 0.14462283 0.00625091 0.00349499 0.0164569  0.00278185
  0.00497708 0.00857598 0.60328144 0.0794879 ]
 [0.0057292  0.06301022 0.0278567  0.2225972  0.06260817 0.2570956
  0.11115155 0.07895334 0.01445105 0.156547  ]
 [0.23584048 0.0043566  0.01353998 0.00063299 0.01536394 0.00122679
  0.00057961 0.00038675 0.72664386 0.00142891]
 [0.00159347 0.00400944 0.02470507 0.05133099 0.33666405 0.10921191
  0.10730092 0.35342675 0.00084733 0.01091004]
 [0.12633142 0.00689451 0.28865808 0.01391506 0.4123152  0.02545285
  0.03901862 0.01730874 0.05950005 0.01060545]
 [0.00618862 0.03220469 0.01037876 0.02340766 0.2528568  0.03317178
  0.11614497 0.4209839  0.00736717 0.09729561]
 [0.02814607 0.21337073 0.00249564 0.00416383 0.02055804 0.00209887
  0.02628195 0.0308547  0.04141809 0.6306121 ]
 [0.00064999 0.00084534 0.0095024  0.00907447 0.37121087 0.02629652
  0.03185068 0.5476342  0.00015665 0.00277893]
 [0.00060633 0.00090324 0.09455835 0.28621742 0.05757152 0.36914742
  0.17364989 0.01369515 0.00085899 0.00279166]
 [0.2038674  0.02261781 0.01703518 0.00276562 0.02899548 0.0046306
  0.00245166 0.00166865 0.70965    0.00631763]
 [0.13109191 0.28028765 0.03751346 0.02404353 0.10149617 0.01632456
  0.05070618 0.04637931 0.1521997  0.15995751]
 [0.01639356 0.12430745 0.01665199 0.02208026 0.07201385 0.0108726
  0.08423672 0.15965943 0.0176393  0.47614476]
 [0.00329704 0.01020261 0.07724144 0.0765797  0.20326924 0.05820516
  0.52219725 0.03453111 0.00268959 0.01178691]
 [0.07567508 0.07854646 0.08775033 0.08401412 0.21298902 0.0858328
  0.10718405 0.0342336  0.145854   0.08792064]
 [0.00036778 0.0008105  0.03495005 0.03267684 0.30108383 0.03914743
  0.49473774 0.09183329 0.00019463 0.00419786]
 [0.35392347 0.01450482 0.05188727 0.00458901 0.07419032 0.00850222
  0.00490332 0.00530265 0.4754118  0.00678511]] (22.806 sec)
INFO:tensorflow:loss = 2.2713208, step = 201 (22.801 sec)
INFO:tensorflow:global_step/sec: 4.37775
INFO:tensorflow:probabilities = [[0.00181867 0.00110204 0.0640762  0.23557499 0.07874749 0.42752686
  0.01813932 0.16963777 0.00042096 0.00295567]
 [0.00661588 0.00148288 0.01456807 0.01114682 0.11365443 0.05003069
  0.00156561 0.7951933  0.00035165 0.00539066]
 [0.56219727 0.07691076 0.0106914  0.00321804 0.00461585 0.00124565
  0.0004852  0.00290288 0.28680447 0.05092858]
 [0.10298701 0.20054525 0.00708935 0.00843548 0.01778899 0.00523511
  0.00476117 0.05927525 0.03950606 0.55437636]
 [0.01707537 0.00190219 0.24055988 0.0943132  0.38434514 0.07448748
  0.08232412 0.09945085 0.00330751 0.0022343 ]
 [0.32875732 0.14135705 0.0056015  0.00252139 0.0020165  0.00063342
  0.00035071 0.00090373 0.45541048 0.06244797]
 [0.28465804 0.10822575 0.11032271 0.06326094 0.09937301 0.03363284
  0.02493789 0.08737341 0.05033586 0.13787962]
 [0.00508757 0.00419444 0.01618069 0.04939986 0.1411307  0.12739696
  0.00684551 0.6418478  0.00113094 0.00678553]
 [0.04825058 0.35701472 0.0111047  0.0310774  0.0235676  0.01520426
  0.0209169  0.02843353 0.24300697 0.2214234 ]
 [0.00930693 0.02322256 0.04234584 0.0685624  0.41609058 0.06210306
  0.11749011 0.2450175  0.00761394 0.00824704]
 [0.03680413 0.00678077 0.15278888 0.1427086  0.3804925  0.08964538
  0.09427962 0.0661236  0.02588182 0.00449472]
 [0.03965021 0.4008484  0.01711086 0.0578359  0.0320591  0.03368507
  0.02715909 0.10116167 0.05557748 0.23491225]
 [0.00309241 0.00453666 0.03491529 0.5431997  0.00987632 0.33607385
  0.00378268 0.05010805 0.00880427 0.00561081]
 [0.00408203 0.00474027 0.00984368 0.01271211 0.2894404  0.02284372
  0.01785739 0.63107836 0.0008185  0.00658358]
 [0.02235869 0.00361267 0.0747183  0.36722705 0.04341581 0.41203022
  0.00778378 0.03771818 0.02802353 0.00311181]
 [0.00143117 0.00337921 0.00372613 0.02844874 0.04037165 0.09378348
  0.00175971 0.8115544  0.0003636  0.01518194]
 [0.05008465 0.0064099  0.23953298 0.18245731 0.277355   0.06573126
  0.11720018 0.02884228 0.02766833 0.00471808]
 [0.00158591 0.0018211  0.1234088  0.49697778 0.07277558 0.08466511
  0.14355552 0.06981001 0.00182723 0.00357285]
 [0.00046184 0.00027872 0.05230887 0.50045127 0.05224339 0.3041616
  0.07325158 0.01561157 0.00095997 0.00027113]
 [0.02350809 0.27717265 0.03847631 0.2101976  0.05673689 0.06723192
  0.0724546  0.05003121 0.08650989 0.1176808 ]
 [0.00035943 0.00102302 0.0109076  0.10742232 0.18256886 0.02159269
  0.6657467  0.00871468 0.00119506 0.00046959]
 [0.03211783 0.22094683 0.02916674 0.20500965 0.01188723 0.10969135
  0.00919925 0.05621092 0.15771912 0.16805108]
 [0.23449013 0.01036604 0.3480048  0.06160044 0.17072539 0.05888893
  0.01487792 0.06656139 0.02608966 0.00839533]
 [0.03957275 0.03426996 0.07742348 0.22080398 0.14829905 0.14429553
  0.1506174  0.04586623 0.11929497 0.01955672]
 [0.02628919 0.10253249 0.05706505 0.37343943 0.0690666  0.14037973
  0.02977629 0.09610944 0.07374982 0.031592  ]
 [0.16590318 0.35968173 0.0096158  0.02834562 0.00551147 0.00646844
  0.0007284  0.01558704 0.338273   0.06988534]
 [0.85114545 0.01225212 0.03542985 0.00208699 0.02051459 0.00089488
  0.00094151 0.00370436 0.04984153 0.0231886 ]
 [0.00160335 0.01305493 0.02384398 0.19619371 0.14798872 0.08287269
  0.43157655 0.08527711 0.00385931 0.01372958]
 [0.2620754  0.04375745 0.11337917 0.06076045 0.0928031  0.02334322
  0.02752249 0.00809891 0.36122507 0.00703477]
 [0.00279721 0.00313504 0.01533859 0.08343885 0.09857073 0.26271796
  0.00498755 0.52216744 0.00089344 0.00595316]
 [0.00525513 0.00884544 0.03252794 0.08020782 0.37187174 0.0463523
  0.31577015 0.12239698 0.00865498 0.00811754]
 [0.24579518 0.01960633 0.12891787 0.1328603  0.04526605 0.06694245
  0.00729006 0.01683065 0.30820075 0.02829035]
 [0.00870332 0.3262113  0.0021127  0.00524934 0.01319717 0.00219795
  0.02412191 0.03846656 0.00607388 0.57366586]
 [0.26899803 0.05649517 0.09568842 0.04926251 0.22546653 0.03351416
  0.01946379 0.1789495  0.03198215 0.04017982]
 [0.00240992 0.00124156 0.04625858 0.21320724 0.15714909 0.32510054
  0.04233306 0.20864469 0.00132349 0.00233182]
 [0.9050252  0.019247   0.02350514 0.00114507 0.00536016 0.0003494
  0.00031488 0.00123818 0.03156287 0.01225206]
 [0.01550201 0.0077344  0.16559994 0.0495499  0.4588943  0.0331829
  0.21281481 0.0492536  0.00422915 0.003239  ]
 [0.00285815 0.00871313 0.02607269 0.23289314 0.11832727 0.293942
  0.04004139 0.25576317 0.00407021 0.01731889]
 [0.82136166 0.00889588 0.05984769 0.00322767 0.02125081 0.00136699
  0.00134782 0.00317674 0.06713741 0.01238735]
 [0.17617042 0.12025486 0.04036985 0.03111177 0.0673324  0.02346946
  0.02817571 0.02449673 0.28260264 0.20601611]
 [0.01078465 0.31281543 0.00604574 0.06663705 0.00558695 0.03230844
  0.00837202 0.01651082 0.0803547  0.4605842 ]
 [0.00062111 0.00008068 0.04505853 0.00319252 0.24257934 0.00050646
  0.70729226 0.00029067 0.00037434 0.00000412]
 [0.18853429 0.32732773 0.00201039 0.00230342 0.00126902 0.00067255
  0.00027128 0.00155233 0.38658512 0.08947385]
 [0.03874036 0.01743849 0.13172191 0.19550498 0.22866206 0.0453404
  0.25211453 0.02866088 0.05175322 0.01006321]
 [0.12150098 0.19794646 0.00441643 0.00213555 0.00463403 0.00071544
  0.001992   0.00638627 0.02920235 0.6310705 ]
 [0.02668208 0.11300448 0.00314487 0.00525655 0.0126153  0.00469637
  0.00447368 0.07740289 0.00811106 0.74461275]
 [0.06837669 0.3999467  0.01431843 0.04550924 0.01185283 0.01647873
  0.00719053 0.01885159 0.13949652 0.27797878]
 [0.0403455  0.01174452 0.09632481 0.2789368  0.06058795 0.32672116
  0.02233428 0.10918946 0.03553541 0.01828014]
 [0.00620615 0.00600372 0.06384664 0.36007667 0.1207482  0.2899719
  0.06754954 0.07516921 0.00799613 0.0024319 ]
 [0.08875223 0.10662159 0.111423   0.10946381 0.17917714 0.08746973
  0.09126788 0.06863379 0.10283425 0.05435663]
 [0.13738368 0.39087886 0.0407533  0.12237009 0.01606119 0.04312874
  0.00349177 0.05375203 0.14401509 0.04816529]
 [0.05310133 0.67335814 0.00352416 0.00860033 0.00299404 0.00204598
  0.00215376 0.00325241 0.15309212 0.09787776]
 [0.00323454 0.00522837 0.03530325 0.32974523 0.01528283 0.49973038
  0.00380228 0.09818067 0.00294868 0.00654373]
 [0.03165385 0.0423949  0.06769679 0.16736232 0.212083   0.0986781
  0.17096852 0.1337954  0.02465679 0.05071034]
 [0.46057773 0.03039652 0.04492063 0.02288777 0.01619836 0.0140528
  0.00130796 0.01014103 0.36417693 0.03534027]
 [0.01609686 0.15125111 0.02671925 0.10273014 0.09592213 0.07209078
  0.05801221 0.39091545 0.00529784 0.08096422]
 [0.32149607 0.04311049 0.06425257 0.04396285 0.02743907 0.0233678
  0.00539418 0.01317514 0.41444474 0.04335709]
 [0.04589343 0.56191057 0.00190916 0.00230387 0.00137754 0.00063291
  0.00135836 0.00147228 0.13585106 0.24729088]
 [0.00989416 0.00534505 0.07325526 0.33510724 0.06929506 0.3290626
  0.02812258 0.13391761 0.00686235 0.00913802]
 [0.454812   0.11479857 0.00466098 0.00127006 0.00113114 0.00026965
  0.00016319 0.00052567 0.40144157 0.02092712]
 [0.00266429 0.00980607 0.05627981 0.47762826 0.07280868 0.20323534
  0.10598672 0.06007576 0.00435778 0.00715727]
 [0.87641484 0.00042876 0.09524023 0.00175107 0.01131368 0.00096108
  0.00013937 0.00202628 0.0096584  0.00206633]
 [0.6955278  0.09015495 0.00288782 0.00027597 0.00061433 0.00005449
  0.00003852 0.00024314 0.1943405  0.01586245]
 [0.00937045 0.00167898 0.21504217 0.3613666  0.14323452 0.18882924
  0.05288681 0.02107742 0.00577088 0.00074287]] (22.843 sec)
INFO:tensorflow:loss = 2.0352952, step = 301 (22.841 sec)
INFO:tensorflow:global_step/sec: 4.38231
INFO:tensorflow:probabilities = [[0.02302366 0.51481915 0.00018493 0.00018519 0.00008586 0.00005052
  0.00012923 0.00158211 0.0036639  0.45627546]
 [0.00666454 0.06726907 0.06012353 0.07481828 0.19276768 0.13900727
  0.09654926 0.1754403  0.01225086 0.17510921]
 [0.00625229 0.44706222 0.00108789 0.00172627 0.00183371 0.00059151
  0.00332415 0.00640246 0.01066102 0.52105844]
 [0.01096053 0.00049987 0.27883294 0.25830778 0.0693728  0.32121208
  0.0187593  0.0168004  0.02100555 0.00424871]
 [0.2619603  0.10289861 0.12446848 0.08359098 0.03570505 0.04480537
  0.01773052 0.04429469 0.06987404 0.21467201]
 [0.28841466 0.07982945 0.08472995 0.01781139 0.01815922 0.013895
  0.00401973 0.11323505 0.03209544 0.34781015]
 [0.01754478 0.0895969  0.02450585 0.05053754 0.0453954  0.03761496
  0.06785236 0.06240721 0.05955571 0.5449893 ]
 [0.00007541 0.00010988 0.0583536  0.00692352 0.28995073 0.00199662
  0.64044595 0.00156649 0.00034515 0.00023262]
 [0.23226307 0.11552458 0.08522183 0.05751545 0.04225325 0.02941817
  0.01059683 0.2309741  0.04012327 0.15610956]
 [0.11908351 0.22571965 0.08250559 0.05738151 0.07621357 0.03773526
  0.06199685 0.08129898 0.04119412 0.21687095]
 [0.00780764 0.00284472 0.17326128 0.38761854 0.0250585  0.3040072
  0.02371614 0.04966001 0.00413593 0.02189005]
 [0.0110894  0.7947047  0.00008246 0.00003131 0.00003767 0.00000614
  0.00008731 0.00056776 0.00030087 0.19309233]
 [0.0911305  0.00422086 0.20509566 0.14068794 0.06134107 0.16106379
  0.01991501 0.01406545 0.2889654  0.01351436]
 [0.00006058 0.00001352 0.11742415 0.00777997 0.23653105 0.00205254
  0.6353786  0.0005686  0.00011309 0.00007796]
 [0.00084058 0.004509   0.05653971 0.36181363 0.05905816 0.40064216
  0.0491939  0.06041296 0.00146431 0.0055256 ]
 [0.06960213 0.04342251 0.25087345 0.13327381 0.06335723 0.1823379
  0.04144995 0.10378629 0.01175077 0.10014591]
 [0.5622706  0.00035649 0.3179051  0.01727938 0.02463019 0.01211527
  0.0033503  0.00199807 0.05131054 0.00878404]
 [0.00658095 0.61223924 0.00377344 0.01078883 0.00111677 0.00236096
  0.00462955 0.00197991 0.0123704  0.34415993]
 [0.05580813 0.09654532 0.05519882 0.0607041  0.02382191 0.03065866
  0.0389438  0.02232404 0.05809116 0.557904  ]
 [0.09828807 0.00190799 0.11328848 0.0241327  0.03395364 0.01363876
  0.01101147 0.00567775 0.6456966  0.05240457]
 [0.02243952 0.00227799 0.21242768 0.20690225 0.05504362 0.38943365
  0.01808456 0.02812917 0.05757563 0.00768595]
 [0.01715465 0.00622793 0.14395072 0.02748488 0.51707935 0.02775877
  0.13097891 0.10422394 0.01142621 0.01371459]
 [0.00627174 0.00391364 0.14873958 0.04473503 0.35380316 0.07608001
  0.03201292 0.32337135 0.00167799 0.00939459]
 [0.02207474 0.54123455 0.00682559 0.00856418 0.00654808 0.00497746
  0.01437052 0.01007256 0.01432222 0.37101015]
 [0.00047519 0.00687535 0.06733996 0.08669353 0.4156073  0.09500343
  0.21765588 0.10174963 0.00054695 0.00805273]
 [0.04273336 0.01371805 0.07975587 0.10383429 0.05459633 0.134113
  0.02118056 0.22171223 0.03229824 0.29605803]
 [0.12495746 0.05461099 0.2684376  0.11378912 0.02475094 0.04556637
  0.01478313 0.0802967  0.06216098 0.21064664]
 [0.25705022 0.00107832 0.09286655 0.02430987 0.01122016 0.01099548
  0.00204187 0.00084438 0.5928285  0.0067646 ]
 [0.27356112 0.00379609 0.09436357 0.02165577 0.02702282 0.01196071
  0.00725984 0.0035062  0.54085934 0.01601453]
 [0.33263397 0.09723712 0.19319883 0.06374846 0.02755911 0.02623941
  0.03432674 0.02273875 0.05828891 0.14402872]
 [0.03802938 0.08948947 0.06782331 0.18676336 0.0377963  0.07945128
  0.05347399 0.04055979 0.0420876  0.36452556]
 [0.01339125 0.5014417  0.01088889 0.0408283  0.00817859 0.01178501
  0.02256693 0.03108571 0.00548915 0.35434446]
 [0.0375176  0.00637336 0.13852075 0.13882886 0.13924594 0.16960384
  0.04081791 0.05711441 0.19445607 0.07752124]
 [0.01247491 0.00263136 0.23080806 0.08520065 0.29029173 0.1445121
  0.05768475 0.15322772 0.00618861 0.01698009]
 [0.01405069 0.0003407  0.30121946 0.07756968 0.37441447 0.11989421
  0.05344661 0.02729069 0.02737124 0.00440235]
 [0.02419089 0.0105926  0.05765755 0.0140176  0.18391484 0.01431634
  0.00778415 0.66623396 0.00668345 0.01460856]
 [0.03016778 0.557176   0.03282572 0.04461948 0.01622595 0.01372144
  0.0118787  0.02950427 0.07574213 0.1881386 ]
 [0.00201178 0.00171665 0.1390834  0.39970878 0.0672152  0.250864
  0.11682861 0.0142509  0.00410622 0.00421441]
 [0.00781357 0.01747611 0.15492253 0.13481575 0.21657166 0.07598539
  0.21313031 0.07704339 0.03590594 0.06633531]
 [0.07800251 0.32115117 0.02879579 0.02837756 0.01758484 0.01135458
  0.01472418 0.05085325 0.07558246 0.37357366]
 [0.03721408 0.09074613 0.10723373 0.352971   0.02491886 0.06352403
  0.03640763 0.09779643 0.02319645 0.16599168]
 [0.33979878 0.00234314 0.3386949  0.04391745 0.03949321 0.03722345
  0.00421119 0.00830659 0.16899446 0.01701673]
 [0.00485799 0.00087249 0.1126124  0.06960537 0.18692906 0.20696603
  0.01035024 0.38195348 0.00432287 0.02153009]
 [0.00829704 0.00306735 0.2649046  0.3140283  0.04998783 0.26249367
  0.02876077 0.04497281 0.00632893 0.01715877]
 [0.04853685 0.09394293 0.31213605 0.13367102 0.04058046 0.10632876
  0.03520992 0.07315673 0.02441773 0.13201961]
 [0.00020125 0.000111   0.1560132  0.0155699  0.412091   0.00639117
  0.40582204 0.00293354 0.00067113 0.0001958 ]
 [0.00087628 0.00173238 0.140207   0.04216051 0.47289956 0.03174881
  0.285308   0.01940161 0.00367897 0.00198692]
 [0.33597866 0.06417225 0.00646408 0.0016673  0.00249099 0.0005249
  0.00399997 0.00167556 0.12708192 0.45594445]
 [0.1692668  0.00141567 0.44152606 0.02866568 0.1673069  0.05535512
  0.00977398 0.05836847 0.05203682 0.0162845 ]
 [0.0030206  0.00169211 0.13747378 0.29470828 0.0295744  0.4041228
  0.0107231  0.10318514 0.00168381 0.01381585]
 [0.10051439 0.02110344 0.06261132 0.01575542 0.01390489 0.00617449
  0.00799693 0.00099546 0.74410695 0.02683671]
 [0.47028446 0.00063338 0.13948794 0.03269377 0.01592236 0.02670582
  0.0027986  0.00359771 0.29299632 0.01487957]
 [0.00300466 0.01360203 0.09306565 0.35770535 0.05470623 0.31707445
  0.06084136 0.07005031 0.00599453 0.02395546]
 [0.00715332 0.00000376 0.6860949  0.02445587 0.20321296 0.04712343
  0.00529872 0.02568919 0.00072431 0.00024359]
 [0.00576242 0.00165478 0.24029899 0.23072962 0.07055899 0.37063563
  0.03597962 0.03028858 0.00512521 0.00896611]
 [0.01599991 0.02125366 0.07745862 0.13357532 0.03911874 0.31628832
  0.01433583 0.18254374 0.02015732 0.17926864]
 [0.10847618 0.62580436 0.01351641 0.00287519 0.00686782 0.00141841
  0.00344155 0.01849749 0.01161803 0.20748465]
 [0.00523722 0.00025338 0.04678756 0.00641424 0.32472298 0.01109051
  0.00600248 0.594771   0.00182417 0.00289646]
 [0.00545052 0.00517563 0.11890794 0.33660334 0.06371073 0.21582383
  0.04386986 0.12376481 0.01688807 0.06980527]
 [0.00850415 0.08728801 0.0024484  0.00795827 0.00248031 0.00477762
  0.00644611 0.02195509 0.00351673 0.8546253 ]
 [0.14987916 0.00824584 0.13725324 0.05921574 0.08197015 0.0482997
  0.03119369 0.0590341  0.33241886 0.0924895 ]
 [0.00198797 0.00395647 0.14634445 0.22208875 0.16802792 0.2660012
  0.11331455 0.0689785  0.00199772 0.00730243]
 [0.05618251 0.00190589 0.21473114 0.1545907  0.05278613 0.2556429
  0.00424242 0.14181632 0.02484323 0.09325884]
 [0.02157297 0.64673847 0.00157747 0.00090051 0.00075226 0.00031102
  0.00161638 0.00345772 0.0077388  0.31533435]] (22.819 sec)
INFO:tensorflow:loss = 1.9196694, step = 401 (22.824 sec)
INFO:tensorflow:global_step/sec: 4.36295
INFO:tensorflow:probabilities = [[0.24131165 0.00347922 0.04466981 0.02793653 0.02138993 0.0101958
  0.01044513 0.00585511 0.627702   0.00701485]
 [0.00074414 0.00043998 0.20693384 0.39254916 0.05029713 0.2213528
  0.10908919 0.01788482 0.00010707 0.00060188]
 [0.00065937 0.0000767  0.00547617 0.04901972 0.20102082 0.05210137
  0.00293662 0.6879244  0.00001064 0.00077423]
 [0.0032306  0.00352196 0.02693363 0.39725912 0.01502765 0.47986817
  0.0126589  0.05319671 0.00358941 0.004714  ]
 [0.01657955 0.58368105 0.00140589 0.00789126 0.00111305 0.00139486
  0.00218358 0.00393203 0.00213191 0.37968683]
 [0.17446452 0.25176075 0.08767661 0.06175499 0.05785923 0.01084812
  0.10049924 0.0316841  0.14519665 0.07825577]
 [0.00864289 0.00292774 0.05798453 0.39651215 0.10210603 0.21543658
  0.06580231 0.10234366 0.00769267 0.04055148]
